1
0.22942 0.62904 0.19367 0.06479 0.62299 0.18789
2
0.22588 0.67169 0.22382 0.0641 0.65985 0.21313
3
0.22363 0.68034 0.22938 0.06322 0.67663 0.22209
4
0.22322 0.67943 0.22835 0.06315 0.67292 0.21274
5
0.21888 0.70303 0.24475 0.06213 0.694 0.23023
6
0.22012 0.69727 0.24658 0.06233 0.68968 0.23639
7
0.21826 0.70513 0.25007 0.06213 0.69166 0.2389
8
0.21949 0.71818 0.25589 0.06236 0.70487 0.24256
9
0.21656 0.71267 0.25148 0.06163 0.70033 0.23922
10
0.21365 0.73351 0.26958 0.06097 0.71957 0.25291
11
0.21134 0.74291 0.27168 0.06056 0.72627 0.2567
12
0.21134 0.74254 0.27496 0.06064 0.724 0.26072
13
0.21052 0.74423 0.27754 0.06059 0.72298 0.25514
14
0.21309 0.74199 0.28106 0.06098 0.72183 0.25961
15
0.20907 0.75259 0.28044 0.06039 0.7295 0.25937
16
0.20933 0.75252 0.27962 0.0604 0.73267 0.25959
17
0.20873 0.75915 0.28703 0.06027 0.73423 0.26242
18
0.20706 0.76101 0.29846 0.05961 0.73821 0.2763
19
0.20892 0.76268 0.29769 0.0604 0.74212 0.2791
20
0.20634 0.76382 0.29578 0.05958 0.73967 0.27397
21
0.20311 0.7758 0.31502 0.05904 0.74802 0.28467
22
0.20252 0.77867 0.3176 0.05904 0.74866 0.28604
23
0.20223 0.77931 0.3174 0.05932 0.74811 0.28518
24
0.20165 0.78065 0.32222 0.05896 0.75068 0.29005
25
0.203 0.77638 0.31906 0.05908 0.74584 0.28645
26
0.20144 0.78232 0.32456 0.05891 0.75052 0.29082
27
0.20122 0.78354 0.32593 0.05926 0.74971 0.29359
28
0.20041 0.78634 0.33029 0.05891 0.7508 0.29328
29
0.20106 0.78266 0.32395 0.05908 0.74807 0.28772
30
0.20013 0.78615 0.33186 0.05861 0.75461 0.29565
31
0.20213 0.786 0.32711 0.05943 0.75102 0.28827
32
0.20109 0.78497 0.33056 0.05884 0.74955 0.29095
33
0.19905 0.78984 0.33632 0.0586 0.75444 0.29516
34
0.20096 0.7888 0.33242 0.05912 0.7535 0.2926
35
0.20097 0.78706 0.3315 0.05964 0.7503 0.29197
36
0.19972 0.78888 0.33243 0.05898 0.75158 0.29297
37
0.19833 0.79334 0.34209 0.05843 0.75716 0.2986
38
0.19808 0.79463 0.34325 0.05857 0.75553 0.29686
39
0.19721 0.79797 0.34293 0.05857 0.75639 0.29495
40
0.19744 0.79589 0.3464 0.05838 0.75841 0.30501
41
0.19616 0.80091 0.35004 0.05865 0.75894 0.30284
42
0.19482 0.80403 0.3574 0.05853 0.76032 0.30617
43
0.19506 0.80428 0.35887 0.05835 0.76198 0.30609
44
0.19502 0.80288 0.35806 0.05836 0.76061 0.30841
45
0.19528 0.80688 0.36247 0.05845 0.76291 0.30702
46
0.19374 0.80736 0.36543 0.05819 0.76333 0.31007
47
0.19377 0.8078 0.36462 0.0581 0.76432 0.30942
48
0.19325 0.8088 0.3685 0.05827 0.76591 0.31087
49
0.19273 0.81054 0.37237 0.05825 0.76457 0.31119
50
0.19257 0.81107 0.37257 0.05817 0.76752 0.31652
51
0.19288 0.81207 0.37535 0.0582 0.76446 0.31268
52
0.19341 0.81268 0.37591 0.05865 0.76634 0.31635
53
0.19209 0.81283 0.37709 0.05825 0.76632 0.31151
54
0.19239 0.8126 0.37341 0.05808 0.76696 0.31167
55
0.19171 0.81434 0.37863 0.05827 0.7649 0.31038
56
0.19209 0.81348 0.37852 0.0582 0.76512 0.30949
57
0.19184 0.81432 0.38049 0.05886 0.76371 0.31355
58
0.19224 0.81362 0.37961 0.05852 0.76454 0.31692
59
0.19184 0.81358 0.37926 0.05849 0.76256 0.30568
60
0.19198 0.81262 0.37891 0.05836 0.76417 0.31225
