1
0.22559 0.65167 0.21265 0.0639 0.6399 0.19981
2
0.2235 0.66929 0.21694 0.06315 0.66371 0.20796
3
0.21956 0.70196 0.24159 0.06231 0.6938 0.22854
4
0.21856 0.72181 0.25696 0.06217 0.70893 0.23925
5
0.21564 0.72146 0.2556 0.06142 0.70665 0.23941
6
0.21615 0.71559 0.25721 0.06193 0.69681 0.23941
7
0.2182 0.71421 0.25831 0.06211 0.6985 0.24057
8
0.21216 0.73521 0.27614 0.06073 0.71919 0.25739
9
0.21181 0.73888 0.27559 0.06093 0.71656 0.25532
10
0.21152 0.74152 0.27788 0.06075 0.72068 0.25689
11
0.20867 0.75261 0.29325 0.06008 0.7303 0.26384
12
0.20861 0.75137 0.29452 0.06028 0.72835 0.26937
13
0.20846 0.75331 0.29778 0.06036 0.73119 0.26917
14
0.20934 0.75116 0.29832 0.06007 0.72922 0.27283
15
0.20778 0.75691 0.30694 0.06029 0.73099 0.27618
16
0.20728 0.75838 0.30267 0.06012 0.72973 0.27045
17
0.20555 0.76675 0.3205 0.05942 0.74173 0.29054
18
0.20676 0.76494 0.31517 0.05973 0.73972 0.28702
19
0.2062 0.76123 0.3141 0.05983 0.73292 0.28298
20
0.21003 0.74206 0.29073 0.06082 0.71597 0.26058
21
0.20253 0.77761 0.33007 0.05928 0.74802 0.29328
22
0.2009 0.7825 0.33674 0.05883 0.75326 0.29811
23
0.20184 0.77887 0.33575 0.05919 0.74643 0.2921
24
0.20085 0.78676 0.34223 0.05885 0.75087 0.29845
25
0.20065 0.78645 0.3447 0.05904 0.75538 0.30426
26
0.20049 0.78537 0.34462 0.05919 0.74767 0.29916
